-0.165941
-0.071978
0.227559
0.352058
0.173418
0.154710
0.089347
-0.020223
0.369137
0.188516
-0.007993
0.022900
0.366793
0.366336
0.233882
-0.187311
-0.104553
0.202448
0.328173
0.103376
0.093343
0.054400
-0.016211
0.299772
0.303899
0.373977
0.143249
0.194318
-0.099233
-0.155724
0.016440
0.368443
0.144405
0.032135
-0.192305
0.330298
0.263929
0.032129
-0.059795
-0.032477
0.354868
0.194578
0.143430
0.190176
0.047118
0.299740
0.161072
0.035331
-0.035127
-0.077142
0.202051
0.156737
0.352932
0.303389
0.148857
0.004798
0.303385
0.424710
0.104136
0.085933
0.078330
0.275350
0.437060
0.454485
0.043868
0.057411
0.186238
0.459769
0.313791
0.265727
0.177849
0.257730
0.034101
0.328581
0.065369
0.158528
0.102583
0.128215
0.229209
-0.068085
-0.100404
-0.021057
0.016241
0.038151
0.088120
-0.059138
-0.039017
0.148632
0.029646
0.157627
0.186631
-0.026746
0.085911
-0.063538
0.115569
-0.070019
-0.127924
-0.050507
0.222822
0.020219
0.250202
0.298312
0.104638
-0.012011
-0.173970
0.335421
0.213445
0.361064
0.025439
0.059546
0.218249
0.083774
0.326536
-0.051261
0.118778
0.090594
0.097332
0.024283
0.033558
0.121354
0.120208
0.334378
0.226067
-0.115514
-0.004654
0.218719
0.316629
0.623046
0.329672
0.109483
0.430408
0.548731
0.693531
0.590768
0.293347
0.089031
0.723245
0.709544
0.759353
0.481177
0.283069
0.354531
0.442555
0.558576
0.464358
0.192450
0.343767
0.359372
0.503919
0.158887
