-0.068289
-0.013540
-0.021298
0.241456
0.015517
0.093032
-0.025416
-0.046220
-0.022247
-0.004339
-0.029280
-0.012595
0.185837
-0.028220
0.115148
-0.018479
-0.003609
-0.073624
0.132941
-0.035175
0.036965
-0.004522
0.235524
-0.093816
-0.059061
0.107538
0.190016
0.139620
0.095915
0.009926
-0.015674
0.088397
-0.071313
-0.064785
-0.037502
-0.098122
0.041280
0.052639
-0.034898
0.114594
-0.058913
-0.046057
0.036531
-0.084601
-0.024018
0.237336
0.018752
-0.009744
0.119822
0.141155
0.109018
0.002906
0.029018
0.061138
0.034396
0.006853
-0.058679
-0.071132
0.143484
0.009260
-0.111165
-0.037325
-0.022392
-0.046158
0.094515
0.074213
0.052502
0.103077
-0.182869
0.074101
0.092202
0.024625
0.154545
0.054088
-0.068528
0.052249
0.046168
-0.022285
-0.038644
-0.071969
0.012836
0.240943
0.075224
-0.083624
